%YAML:1.0
---
model_type: PINHOLE
camera_name: camera
image_width: 640
image_height: 480
distortion_parameters:
   k1: 9.662491634811166e-05
   k2: 0.0014498060312832476
   p1: 0.0004159167100005366
   p2: -1.8043042480651483e-05
projection_parameters:
   fx: 388.34862284467977
   fy: 388.83393561126246
   cx: 324.93754462487436
   cy: 234.60332314177128
