%YAML:1.0
---
model_type: PINHOLE
camera_name: camera
image_width: 640
image_height: 480
distortion_parameters:
   k1: -0.0008273789174929205
   k2: -0.00077865206186075
   p1: -0.00015052075694820262
   p2: -0.0003695622408314565
projection_parameters:
   fx: 388.34956102627825
   fy: 388.77437172533905
   cx: 325.02500762353276
   cy: 234.73021319134207