%YAML:1.0
---
type: IMU
name: d435i_imu_epx4
Gyr:
   unit: " rad/s"
   avg-axis:
      gyr_n: 2.4626160516224584e-03
      gyr_w: 3.0131978267297671e-05
   x-axis:
      gyr_n: 2.4313753255491349e-03
      gyr_w: 1.8008298204252457e-05
   y-axis:
      gyr_n: 2.9317784902054720e-03
      gyr_w: 3.3057468431504224e-05
   z-axis:
      gyr_n: 2.0246943391127674e-03
      gyr_w: 3.9330168166136342e-05
Acc:
   unit: " m/s^2"
   avg-axis:
      acc_n: 1.3981146002243082e-02
      acc_w: 5.7712169331546384e-04
   x-axis:
      acc_n: 1.2795812485841454e-02
      acc_w: 3.0379117002848801e-04
   y-axis:
      acc_n: 1.3299686476421452e-02
      acc_w: 5.6096208375295176e-04
   z-axis:
      acc_n: 1.5847939044466342e-02
      acc_w: 8.6661182616495176e-04
