%YAML:1.0
---
type: IMU
name: d435i_imu_epx3
Gyr:
   unit: " rad/s"
   avg-axis:
      gyr_n: 2.4528579327653594e-03
      gyr_w: 3.3666856910528245e-05
   x-axis:
      gyr_n: 2.4052799484242026e-03
      gyr_w: 2.3502991993919028e-05
   y-axis:
      gyr_n: 2.9430987483378109e-03
      gyr_w: 3.6200313784321787e-05
   z-axis:
      gyr_n: 2.0101951015340648e-03
      gyr_w: 4.1297264953343907e-05
Acc:
   unit: " m/s^2"
   avg-axis:
      acc_n: 1.2498327942953196e-02
      acc_w: 4.2718598027088818e-04
   x-axis:
      acc_n: 1.1685441195420370e-02
      acc_w: 3.3850799256959503e-04
   y-axis:
      acc_n: 1.3194653321056840e-02
      acc_w: 5.6814945131344787e-04
   z-axis:
      acc_n: 1.2614889312382374e-02
      acc_w: 3.7490049692962164e-04
