%YAML:1.0
---
type: IMU
name: d435i_imu_calibration
Gyr:
   unit: " rad/s"
   avg-axis:
      gyr_n: 2.6080369935733449e-03
      gyr_w: 2.2425047625357284e-05
   x-axis:
      gyr_n: 2.6495113325747497e-03
      gyr_w: 1.3178767872309862e-05
   y-axis:
      gyr_n: 2.9767238860245529e-03
      gyr_w: 2.1665424668774470e-05
   z-axis:
      gyr_n: 2.1978757621207322e-03
      gyr_w: 3.2430950334987516e-05
Acc:
   unit: " m/s^2"
   avg-axis:
      acc_n: 1.4200439848485956e-02
      acc_w: 6.9835165553409787e-04
   x-axis:
      acc_n: 1.3671787509120886e-02
      acc_w: 7.0190301773540899e-04
   y-axis:
      acc_n: 1.3245101520319170e-02
      acc_w: 5.0640825923163265e-04
   z-axis:
      acc_n: 1.5684430516017811e-02
      acc_w: 8.8674368963525196e-04
