%YAML:1.0
---
type: IMU
name: d435i
Gyr:
   unit: " rad/s"
   avg-axis:
      gyr_n: 2.0419790188693140e-01
      gyr_w: 3.9137842797563977e-03
   x-axis:
      gyr_n: 4.4691845044914252e-01
      gyr_w: 4.8477797168896648e-03
   y-axis:
      gyr_n: 8.2535747043311958e-02
      gyr_w: 3.1142687973400073e-03
   z-axis:
      gyr_n: 8.3139508168339732e-02
      gyr_w: 3.7793043250395216e-03
Acc:
   unit: " m/s^2"
   avg-axis:
      acc_n: 2.4553745011877890e+01
      acc_w: 4.7064160308566344e-01
   x-axis:
      acc_n: 4.2959311836749370e-01
      acc_w: 3.0353303146198291e-02
   y-axis:
      acc_n: 2.0664881723348607e+01
      acc_w: 7.3280500830031936e-01
   z-axis:
      acc_n: 5.2566760193917560e+01
      acc_w: 6.4876649781047246e-01
