%YAML:1.0
---
type: IMU
name: d435i_imu_epx2
Gyr:
   unit: " rad/s"
   avg-axis:
      gyr_n: 2.6166084672376681e-03
      gyr_w: 2.2487248113037894e-05
   x-axis:
      gyr_n: 2.6484123343545004e-03
      gyr_w: 1.4184489771759763e-05
   y-axis:
      gyr_n: 3.0029273239622796e-03
      gyr_w: 2.0830314258678510e-05
   z-axis:
      gyr_n: 2.1984857433962257e-03
      gyr_w: 3.2446940308675413e-05
Acc:
   unit: " m/s^2"
   avg-axis:
      acc_n: 1.4106360780836677e-02
      acc_w: 6.8917638526275020e-04
   x-axis:
      acc_n: 1.3683231536377884e-02
      acc_w: 7.0350124071611266e-04
   y-axis:
      acc_n: 1.3246017773454100e-02
      acc_w: 5.0648593199247515e-04
   z-axis:
      acc_n: 1.5389833032678045e-02
      acc_w: 8.5754198307966256e-04
