0.02004121348
0.0139694177
0.01164305417
0.0102707788
0.009242549884
0.00847100131
0.007807104053
0.007300209277
0.006869754506
0.006534483676
0.006248118804
0.006006765628
0.00579871572
0.005622322734
0.005473527944
0.005327913994
0.005197180362
0.005071672432
0.004852710716
0.00475481031
0.004668795573
0.004588019479
0.004442737571
0.004313084446
0.004252186239
0.004134785541
0.004028072559
0.003931333957
0.00384374616
0.003762257651
0.003647795598
0.003542456946
0.003478194201
0.003388883309
0.00330453076
0.00320092688
0.003130743515
0.003042959254
0.002961902975
0.002869297922
0.002801133049
0.002724118247
0.002652935463
0.002575169321
0.002503913301
0.002439296872
0.002370317478
0.002306664543
0.002249069944
0.002188791761
0.002125878873
0.002068755688
0.002010141537
0.001957798376
0.0019060563
0.001854596405
0.00180373697
0.001757249584
0.001712044089
0.001668720242
0.001623761237
0.001583821281
0.001545964978
0.001510184441
0.001473120867
0.001436478135
0.001400869514
0.001367749551
0.001336904727
0.001305449983
0.001275896676
0.001248233983
0.001223404287
0.00119986594
0.001175836888
0.00115298867
0.00112999457
0.001107310082
0.001085088203
0.001063189181
0.001042036174
0.001021574046
0.001002994548
0.0009854129118
0.000968316767
0.0009529879753
0.0009375391273
0.0009248727662
0.0009140164114
0.0009040453645
0.0008959496752
0.00088905619
0.000882852078
0.0008763420762
0.0008690323635
0.0008636890127
0.0008589618383
0.0008561519872
0.0008547491385
0.0008539440624
0.00085339025
0.0008533823207
0.0008530965754
0.0008517780637
0.0008505713433
0.000849559197
0.0008471391542
0.0008438939244
0.0008392671237
0.000833702912
0.0008265044419
0.0008189271966
0.0008116548571
0.0008053965764
0.000800350652
0.0007955738322
0.000791222731
0.0007886727244
0.0007880818744
0.0007896498261
0.00079389418
0.0008020162848
0.0008123901741
0.0008254044345
0.0008403372816
0.0008570709243
0.0008757556292
0.000897102635
0.0009205641416
0.0009473320522
0.0009766911214
0.001008500616
0.001043227036
0.001082073387
0.001125051466
0.001171509464
0.00122250979
0.001278684537
0.001339880723
0.00140624547
0.001476627407
0.001550909068
0.001628170457
0.001708662211
0.001791503588
0.00187535943
0.001963549857
0.002051370111
0.002141224171
0.002233292166
0.002326841037
0.002418619451
0.002512287547
0.002605457964
0.002695067966
0.002779873319
0.002859170403
0.002936886572
0.003019251766
0.003098372316
0.003167495472
0.003230282626
0.003279370047
0.003307444386
0.003321037597
0.003305190722
0.003267972172
0.003189357085
0.0030596352
0.002867261433
0.002627201537
