0.02199090283
0.016367009
0.01374653717
0.01206395819
0.01084541409
0.009837695466
0.008997762172
0.008327332847
0.007796962039
0.007365406203
0.007003070781
0.006698262069
0.006435843196
0.00621371443
0.006018025036
0.005836203456
0.005662355041
0.005497336002
0.005201255991
0.005072223826
0.004955869719
0.004850318206
0.004665410346
0.00450413685
0.004427299277
0.004280561149
0.004149969874
0.004032690692
0.003926290883
0.003827570897
0.003687502905
0.003560003769
0.003484062166
0.003379444152
0.003280188004
0.003160831894
0.003080814631
0.002980317907
0.002891466111
0.002792481466
0.002721195104
0.002641651286
0.002568633684
0.002490184394
0.002418963879
0.002354026159
0.002284539074
0.002221185426
0.002164949237
0.002106746482
0.002047498961
0.001992285303
0.001937699464
0.001889054668
0.001840421678
0.001792242786
0.001745830489
0.00170389162
0.00166308044
0.001623705691
0.001582463848
0.001545560725
0.001510968658
0.001478118234
0.00144485775
0.001413658695
0.001384130372
0.001357388589
0.001332433407
0.00130795184
0.001285236572
0.00126339955
0.001242955403
0.001224201148
0.00120698947
0.001192081867
0.001178394967
0.001165815712
0.001154450396
0.001144482854
0.001135520813
0.001128295333
0.001123174392
0.001120154135
0.001118813474
0.001118707205
0.001118731007
0.001119311405
0.001120944156
0.001123807751
0.001127737849
0.001132550704
0.001137564131
0.001142360033
0.001146799775
0.001150549022
0.001153965826
0.001156991035
0.001160301335
0.001164097575
0.001167825887
0.001171611923
0.001174772237
0.00117798378
0.001181291553
0.001184666575
0.00118770554
0.001189728358
0.001190311932
0.001189223998
0.001185942156
0.001180807838
0.001174579529
0.001167993947
0.001160565897
0.00115226537
0.001142954753
0.001133091945
0.001124147281
0.001117753658
0.001113309252
0.001110615827
0.001108774923
0.001106717863
0.001104235029
0.001101971345
0.001099712751
0.001098238921
0.001098935231
0.001102024025
0.001106046847
0.001111588879
0.00111997917
0.001132213412
0.001146099294
0.001163308875
0.001185247777
0.001211773371
0.001244239968
0.001280077684
0.001313870425
0.001346715804
0.001378763311
0.001408853706
0.00143633885
0.001460796356
0.001483092339
0.001494423991
0.001497212422
0.001488945464
0.001471021735
0.001440086774
0.00140391696
0.001363499859
0.001311719651
0.001247127518
0.001179569752
0.00110932562
0.001039539488
0.0009723775927
0.0009097396422
0.0008586237574
0.0008306452177
0.0008255637214
0.0008361107461
0.0008509115429
0.0008645857385
0.0008403649752
0.0007775222134
0.0006961256698
0.0006341360292
