1163.672009
784.0192481
630.3879295
541.2160851
481.3581181
437.0883374
402.5101951
374.7608396
352.1764039
333.749937
317.820139
303.9228786
292.1428042
281.7236001
272.4520641
263.8814929
256.1038784
248.9825688
236.3070901
230.7038679
225.492196
220.6868071
211.9562142
204.1524325
200.5620385
194.0568418
188.210142
182.8980714
177.9856457
173.5167886
167.5237804
162.26554
158.9686886
154.3780654
150.1462779
144.8773261
141.077802
136.3427291
131.896151
125.9181363
121.3072639
116.1014787
111.3466174
106.3346433
101.937644
98.14307912
94.17937143
90.62523411
87.48828545
84.26080054
82.15037127
80.76430127
79.25333951
77.82465826
76.23365916
74.45852253
72.64843443
71.38225339
70.12553667
68.72561747
67.16086352
66.10603564
65.23869399
64.18689474
62.94202111
62.13332848
61.26475859
60.20098073
58.56993414
56.93937774
55.30578501
53.75877761
51.61072452
49.10911879
46.68220719
44.43442654
41.71876201
39.29215881
37.21213943
35.57910242
34.18527598
33.16782218
32.19622905
31.22346546
30.28514486
29.46691149
28.89275055
28.60334303
28.29537918
27.64000119
26.26864849
24.67407059
23.36707089
22.55759582
21.88943564
21.34362071
21.19890807
21.02437708
20.13865901
19.1214185
18.50437113
17.99034973
17.8000463
17.13876939
16.15660942
15.60441991
15.31863426
14.71368368
13.8999488
13.38866118
12.97533768
12.19561986
11.78840807
11.15342747
10.66649379
10.31603427
9.814917671
9.55931212
9.287829738
8.970582358
8.776136294
8.356341286
8.045371431
7.921323802
7.796341027
7.584517561
7.353940725
7.137274101
7.012925203
6.819690447
6.680295035
6.5672821
6.482779228
6.369646566
6.206926627
6.033319241
5.899646372
5.806733733
5.691107218
5.561821133
5.430018545
5.254292716
5.087642599
4.930649138
4.781677599
4.627587274
4.492444973
4.328309346
4.106623145
3.872779775
3.611514762
3.368784463
3.173532499
2.97337487
2.790943326
2.577419964
2.388609477
2.223301072
2.112587028
2.065239601
1.999242276
1.972414693
1.966458637
1.93201275
1.900723863
1.801773623
1.656012192
1.480906884
1.351618483
1.236013005
1.17084511
