1171.626427
766.1637892
607.6713545
518.3366359
459.3118612
416.6545515
383.99409
357.9594903
336.5803175
318.6185118
303.2522506
289.9119119
278.1886456
267.7804173
258.4586378
250.0467028
242.4057268
235.4247845
223.0999964
217.6216131
212.5279498
207.7760082
199.156301
191.5276214
188.0280455
181.5685532
175.7323397
170.4252429
165.5718808
161.1110956
155.0485602
149.6230956
146.3075637
141.7235242
137.5453843
132.5097356
129.0764681
124.8886457
121.0841342
116.7846169
113.6568208
110.0795677
106.8206502
103.2680168
100.0484076
97.11286513
93.99489685
91.15981128
88.56728604
85.85973248
83.09258447
80.57754917
78.03511729
75.71984269
73.3975102
71.09356389
68.82800737
66.76696148
64.74294684
62.76724955
60.73397869
58.88732367
57.10566651
55.39107214
53.66580124
52.02193249
50.39149083
48.84744436
47.38445743
45.89952419
44.50274496
43.14628946
41.83418384
40.56898903
39.32155124
38.12829079
36.96286228
35.83052463
34.73494667
33.6784957
32.66249541
31.671683
30.71013983
29.76763763
28.87316742
28.00255282
27.14915923
26.33560866
25.54427926
24.77057575
24.03176777
23.30861858
22.61046672
21.93850399
21.28413064
20.65410491
20.04145468
19.44839012
18.87324157
18.32057316
17.78291567
17.26231697
16.76014805
16.27334732
15.80336198
15.34789141
14.90828307
14.48273281
14.07239778
13.67470893
13.2908993
12.91994996
12.5611373
12.21469481
11.88006944
11.55746231
11.24529991
10.94451751
10.65433283
10.37418302
10.10366716
9.843172101
9.592301619
9.350195964
9.117260989
8.892596325
8.676603561
8.468584613
8.268382506
8.0760158
7.890914767
7.713168135
7.542355685
7.378371075
7.221022229
7.070068891
6.925322433
6.786563065
6.65373592
6.526558208
6.40486335
6.288513511
6.177350186
6.071205763
5.96991166
5.873331351
5.781324815
5.693753518
5.610483829
5.531406754
5.45639864
5.38533257
5.318135581
5.254679159
5.194909986
5.138741324
5.086105993
5.036961108
4.991259923
4.948987874
4.910132697
4.87470113
4.842720477
4.814245072
4.789338598
4.76810161
4.750655331
4.737150655
4.72777027
4.722733185
4.722294192
