0.02325338748
0.01644619401
0.01343117387
0.01163426095
0.01040825676
0.009503456296
0.008800399734
0.008233806229
0.007764591317
0.007367736439
0.007026385418
0.00672871171
0.006466140038
0.006232280705
0.006022261922
0.00583229561
0.005659385954
0.00550112836
0.005221094585
0.005096372706
0.004980280017
0.004871867425
0.004674960457
0.004500436578
0.004420300646
0.004272271081
0.004138405653
0.004016587413
0.003905117261
0.003802613569
0.003663237559
0.003538455386
0.003462181761
0.003356710145
0.003260568585
0.003144695147
0.003065700715
0.002969361852
0.002881865341
0.002783024368
0.002711154383
0.002629001476
0.002554209246
0.002472741381
0.002398979677
0.002331793103
0.002260512316
0.002195781607
0.002136667815
0.002075022042
0.002012127806
0.001955071158
0.001897510164
0.001845207009
0.001792867758
0.001741079417
0.001690302551
0.001644252345
0.00159917752
0.001555336165
0.001510398456
0.001469762875
0.001430736303
0.001393362943
0.001355959728
0.001320531939
0.001285619808
0.001252789025
0.001221912921
0.001190829602
0.001161853462
0.001133984428
0.001107308809
0.001081879249
0.001057119289
0.001033757991
0.001011281306
0.0009898007607
0.0009693914556
0.0009500987665
0.0009319443208
0.0009146595958
0.0008983260849
0.0008827846649
0.0008685124659
0.0008551170161
0.0008425142838
0.0008310402699
0.0008204414665
0.0008106731838
0.0008019539771
0.0007940579921
0.0007870989734
0.0007810834383
0.0007759375446
0.00077171766
0.0007683784104
0.0007659393402
0.0007643978287
0.0007637607104
0.0007640174373
0.0007651751983
0.0007672272909
0.0007701838665
0.0007740348857
0.0007787973975
0.0007844549983
0.0007910267155
0.0007984888421
0.0008068843644
0.0008161853793
0.0008264099157
0.0008375759084
0.0008496727319
0.0008627140339
0.0008766837692
0.0008916463881
0.0009075530876
0.0009244353686
0.000942321594
0.0009612364209
0.0009811468271
0.00100207136
0.00102407709
0.001047121379
0.001071287488
0.001096525931
0.001122909217
0.001150453528
0.001179147081
0.001209067027
0.001240191318
0.001272583495
0.001306255297
0.001341234491
0.001377562779
0.001415274071
0.001454414272
0.001494983316
0.001537049991
0.001580654195
0.00162582742
0.001672610282
0.001721050983
0.001771203884
0.001823112795
0.001876826931
0.001932399746
0.001989887881
0.002049336504
0.002110807096
0.002174374696
0.002240075114
0.002308007558
0.002378206642
0.002450754402
0.002525728404
0.002603190846
0.002683232159
0.002765915316
0.002851328556
0.002939561883
0.003030706034
0.003124833524
0.003222061886
0.00332246985
0.003426159822
0.003533237668
0.003643819073
0.003758004608
0.00387591018
