1225.239682
784.5689168
616.2126622
522.3123903
461.2987005
416.9959974
383.0735872
356.2229154
334.5888978
316.478746
300.959944
287.5381503
276.1364123
265.9102993
256.7453765
248.3381154
240.7981898
233.8832708
221.8271205
216.4933346
211.4746123
206.7678168
198.283524
190.7247254
187.3375942
181.1500775
175.5773551
170.5572911
165.9333245
161.6373821
155.7654593
150.4979299
147.2594849
142.7274287
138.6160399
133.6159659
130.0976428
125.7499587
121.6550559
116.7871445
113.2510325
109.2131011
105.568331
101.6505246
98.2112109
95.10556629
91.81246114
88.87277424
86.24034214
83.59739612
81.09371591
78.87691982
76.69792273
74.71766915
72.63536937
70.48653182
68.35541695
66.45115952
64.53397917
62.65782885
60.66490501
58.9245961
57.2440261
55.56532641
53.81290384
52.19309692
50.58398462
49.07953881
47.57958744
46.07688659
44.63309843
43.24943372
41.83728228
40.48880776
39.19784361
38.03811151
36.91463221
35.92699406
35.01664791
34.22996225
33.56977125
33.02286009
32.54700072
32.07545679
31.65808617
31.27590888
30.94550392
30.68807968
30.48333399
30.28747185
30.07805589
29.87937321
29.7628201
29.79191809
29.97153344
30.24976053
30.6959454
31.26794495
31.91630943
32.61563476
33.45052732
34.40534504
35.46997851
36.62950194
37.8451657
39.15742757
40.56982229
42.05076439
43.58536816
45.19023324
46.85265151
48.54614352
50.26480026
51.9806826
53.66577786
55.30320848
56.87255437
58.3332887
59.6570982
60.838325
61.83977127
62.62230874
63.12526748
63.30447348
63.09347124
62.4789752
61.44744614
59.92230588
58.01489256
55.86053854
53.56229733
51.20103481
48.84546539
46.58565622
44.49306857
42.5254692
40.5531536
38.43171617
36.0273571
33.46154528
31.03709432
28.97230312
27.506439
26.96236751
27.11967302
27.28562656
26.71896354
25.6305711
24.36779197
23.87202754
24.48673921
24.87453832
24.532717
23.81283051
22.80242117
21.26930652
19.72100589
18.75672043
18.22783869
18.32294905
18.596484
17.50056593
16.35754087
16.11147932
16.34184241
16.56207217
16.79128799
16.7342905
16.64360327
16.98616936
16.23503169
