1054.381534
652.2676486
504.6347112
424.411399
372.6712694
335.9147809
308.1310968
286.2034503
268.3395837
253.4284971
240.7410286
229.7766415
220.1790545
211.6869725
204.1038982
197.278878
191.0937965
185.4547447
175.5257586
171.1229846
167.0351425
163.2264492
156.3295482
150.2379695
147.447306
142.3024139
137.6605928
133.4449241
129.5939973
126.0581103
121.257875
116.9670795
114.3472129
110.7277442
107.4314684
103.461989
100.7576396
97.46107003
94.4682047
91.08811248
88.63057557
85.82128823
83.26324292
80.47594999
77.95106203
75.64983678
73.2064944
70.98558689
68.95529441
66.83550181
64.66963211
62.70157078
60.71250206
58.90149908
57.08528292
55.2837225
53.5124207
51.90119449
50.31906093
48.77480896
47.18564554
45.74239078
44.34995945
43.00993971
41.66155091
40.37673435
39.10234041
37.89538402
36.75168462
35.59069717
34.4984859
33.43764373
32.41130814
31.42147413
30.44531992
29.51133549
28.59889386
27.71210129
26.85382395
26.02591317
25.22940663
24.45233478
23.69789053
22.95803784
22.25553558
21.571402
20.90041158
20.26035135
19.63736286
19.0278182
18.44532473
17.87471729
17.32335855
16.79219607
16.27443238
15.77541508
15.28962343
14.81880719
14.36164041
13.92175711
13.49321608
13.07764635
12.6761472
12.28627481
11.90919155
11.54305535
11.18895367
10.84543901
10.51345251
10.19092161
9.878851409
9.576422119
9.283049887
8.998933205
8.723628213
8.457312408
8.198696747
7.948566975
7.706288075
7.471403169
7.243588067
7.023184728
6.809878654
6.602956508
6.402784719
6.208610472
6.020803333
5.838781715
5.662432089
5.491799022
5.326406039
5.166362627
5.011323239
4.861224718
4.715927554
4.575247478
4.439047407
4.307160352
4.17957687
4.056069825
3.936521688
3.820843024
3.708923806
3.600643546
3.495878532
3.394535892
3.296517134
3.201722499
3.110053918
3.021436655
2.935775358
2.852964463
2.77295481
2.695623965
2.620931217
2.548785709
2.479108687
2.411840032
2.3468989
2.284231561
2.22376755
2.165440291
2.109187269
2.054959984
2.002687068
1.95232262
1.903810561
1.857096634
1.812125853
1.768852402
1.727226743
