1197.954882
754.247022
588.4705446
497.3974769
438.2202096
395.953346
363.874683
338.4775146
317.7352746
300.3864441
285.6001152
272.8041515
261.5902171
251.6581369
242.7817065
234.7868295
227.5370568
220.9237409
209.2716189
204.1018616
199.3004423
194.8257273
186.7201855
179.5587162
176.2773011
170.2268545
164.7673711
159.8088104
155.2792225
151.1203304
145.4748364
140.4293454
137.3492457
133.0948648
129.221518
124.5589155
121.3837066
117.5149296
114.0045221
110.0425316
107.1639106
103.8756164
100.8838589
97.62700375
94.67982468
91.99656875
89.15093555
86.567683
84.2092237
81.75027672
79.24195372
76.96668042
74.6713812
72.58568402
70.49834728
68.43262595
66.40673014
64.56880301
62.76906111
61.01767524
59.22135076
57.59577608
56.03324153
54.53543815
53.03473272
51.61141597
50.20670248
48.88346812
47.63665206
46.37873862
45.20319417
44.06944307
42.98086337
41.93950475
40.92154585
39.95678446
39.02387009
38.12719021
37.26969846
36.45318069
35.67849202
34.93400532
34.22295627
33.53805846
32.90025705
32.29204562
31.70915178
31.16698537
30.65359245
30.16632834
29.71600643
29.29086024
28.89660549
28.53372984
28.1976192
27.89178571
27.61284888
27.36197781
27.13856044
26.94424151
26.77636045
26.63577646
26.52280397
26.43673934
26.37785933
26.34589191
26.34094296
26.36296472
26.41183516
26.48785502
26.59083328
26.72097307
26.87857567
27.06355408
27.27616246
27.51616778
27.78474799
28.081097
28.40583341
28.759571
29.14288454
29.55516366
29.99682292
30.46934065
30.97185747
31.50624347
32.07145508
32.66915614
33.29976829
33.96305882
34.66085073
35.39266827
36.16003706
36.96326935
37.80305392
38.68041766
39.59620499
40.55155575
41.54648639
42.58269889
43.66119419
44.78276561
45.94843248
47.15940512
48.41705145
49.72247767
51.07692671
52.48175014
53.93838221
55.4479674
57.01206488
58.63258167
60.31042591
62.04812521
63.84655741
65.70781365
67.63387252
69.62631814
71.68746067
73.81890348
76.02290009
78.30174967
80.65776981
83.09280546
85.6098644
88.21094861
90.89867025
93.67572867
96.54507479
99.50926362
102.5712436
