993.0031122
641.0809127
507.7226665
434.2467294
385.825595
349.8867124
321.5365937
298.5544489
280.0789567
264.5193555
251.4294636
240.2582874
230.3734762
221.7488947
214.1252049
207.1345784
200.7193458
194.78462
184.4705869
179.9197595
175.6431414
171.698353
164.6934264
158.5197781
155.700335
150.4436057
145.8264499
141.6807325
137.9398041
134.434481
129.6224833
125.292753
122.686346
119.0807956
115.7328515
111.6413112
108.8285461
105.3381807
102.0569813
98.16173971
95.27143666
92.02337984
89.11268216
85.91293526
83.03902019
80.5052181
77.86217018
75.45745827
73.27743801
71.04883148
68.90903926
67.05867249
65.16422909
63.43985635
61.67667612
59.90803904
58.11254181
56.46242564
54.80573317
53.13635438
51.40438644
49.92183688
48.45584849
46.99382847
45.48526424
44.02695524
42.5236865
41.11417024
39.79207767
38.49029666
37.31562985
36.16084923
34.9844343
33.86319553
32.81307827
31.80575985
30.78178582
29.80717447
28.873537
27.92900346
27.02941804
26.13110691
25.25754336
24.37595481
23.49080984
22.5578134
21.66261426
20.89984714
20.18981361
19.47846017
18.80556877
18.15275961
17.53615224
16.98519955
16.48261767
16.04474468
15.68554781
15.33269469
14.96797617
14.59039033
14.21495903
13.78520483
13.38806365
12.98025027
12.55721509
12.15088297
11.7327025
11.31298234
10.88812762
10.42994534
10.01857089
9.638535712
9.289193072
8.961891281
8.668159821
8.371648074
8.106920453
7.929146947
7.727529259
7.470155852
7.240148114
7.02305547
6.782777153
6.587660554
6.378853687
6.165933664
5.969215928
5.77074778
5.549181235
5.300788671
5.118093378
4.954425584
4.800100416
4.655440878
4.508403803
4.397485953
4.258264384
4.126883962
3.99250102
3.872100204
3.785861265
3.694577562
3.599463705
3.463905626
3.350040515
3.256071766
3.083167886
2.919781428
2.764389664
2.618943764
2.466817579
2.351211447
2.229926525
2.108446221
2.055205537
1.923275372
1.788648037
1.698575455
1.6073652
1.536496194
1.506158523
1.459935311
1.268501212
1.082202068
1.022101982
0.8917026976
0.7807254064
0.7689313231
0.8471707821
0.8628728701
0.820093205
