0.02564965986
0.01735378803
0.01395542752
0.01199587027
0.01068363687
0.009726895095
0.008989853673
0.008399703968
0.007913456913
0.007503886585
0.007152804146
0.006847535608
0.00657894365
0.006340252617
0.006126317807
0.005933153293
0.005757616703
0.005597192825
0.005313887712
0.005187942555
0.005070842529
0.004961604983
0.004763490819
0.004588218906
0.004507843718
0.00435954982
0.004225649923
0.004103975707
0.003992789584
0.00389068064
0.003752056307
0.003628168547
0.003552550233
0.003448127715
0.003353094422
0.003238761503
0.003160953532
0.003066220962
0.002980344566
0.00288353161
0.002813277076
0.002733126207
0.002660310429
0.002581174257
0.002509696187
0.002444742692
0.00237600196
0.002313741112
0.002257028041
0.002198043485
0.002138041711
0.002083774829
0.00202919917
0.001979767402
0.001930462717
0.001881845835
0.001834351906
0.001791436585
0.001749583809
0.001709030056
0.0016676279
0.001630341119
0.001594672711
0.001560651016
0.001526740037
0.00149475129
0.001463356272
0.001433951037
0.001406401897
0.001378770764
0.001353104204
0.001328498602
0.001305016054
0.001282687713
0.001260993264
0.001240556302
0.001220910809
0.001202138005
0.001184286592
0.001167379309
0.001151418705
0.001136151493
0.00112163117
0.001107696098
0.001094757959
0.001082446949
0.001070663414
0.001059705253
0.00104931747
0.001039432949
0.001030258322
0.001021541313
0.001013385984
0.001005791476
0.0009986496124
0.0009920238304
0.0009858303479
0.0009800836656
0.0009747592505
0.0009698888136
0.0009653976932
0.0009612976815
0.0009575916728
0.0009542502234
0.0009512774306
0.0009486534513
0.0009463813412
0.0009444473017
0.0009428524315
0.000941583777
0.0009406434321
0.0009400265984
0.0009397315395
0.0009397582569
0.0009401067102
0.0009407766397
0.0009417729798
0.0009430949652
0.0009447474349
0.0009467369377
0.0009490711309
0.0009517508162
0.0009547833013
0.0009581845945
0.0009619548662
0.0009661151027
0.0009706646664
0.0009756248201
0.0009810078477
0.0009868207211
0.0009930889977
0.0009998184899
0.001007033666
0.001014748461
0.001022980746
0.001031752259
0.001041083529
0.001050998643
0.001061510342
0.001072649381
0.00108443971
0.001096903294
0.001110064802
0.001123951344
0.001138592179
0.001154013799
0.001170244442
0.001187313803
0.001205252739
0.001224088591
0.001243853852
0.00126458557
0.001286308017
0.001309066361
0.001332884275
0.001357801212
0.001383855197
0.001411078818
0.001439514445
0.00146919462
0.001500160707
0.001532454659
0.001566118611
0.001601187745
0.001637713824
0.001675733973
0.001715293984
0.001756440833
0.001799225147
0.001843691548
0.0018898904
