0.005013239787
0.01002647957
0.01503971936
0.02005295915
0.02506619893
0.03007943872
0.03509267851
0.04010591829
0.04511915808
0.05013239787
0.05514563765
0.06015887744
0.06517211723
0.07018535701
0.0751985968
0.08021183658
0.08522507637
0.09023831616
0.1002647957
0.1052780355
0.1102912753
0.1153045151
0.1253309947
0.1353574742
0.140370714
0.1503971936
0.1604236732
0.1704501527
0.1804766323
0.1905031119
0.2055428312
0.2205825506
0.2306090302
0.2456487495
0.2606884689
0.280741428
0.2957811474
0.3158341066
0.3358870657
0.3609532646
0.3810062238
0.4060724227
0.4311386216
0.4612180604
0.4912974991
0.5213769378
0.5564696163
0.5915622948
0.6266549733
0.6667608916
0.7118800497
0.7569992078
0.8071316056
0.8572640035
0.9124096412
0.9725685186
1.037740636
1.102912753
1.17309811
1.248296707
1.333521783
1.41874686
1.508985176
1.604236732
1.709514767
1.819806043
1.940123797
2.065454792
2.195799027
2.34118298
2.491580174
2.652003847
2.822454
3.002930632
3.198446984
3.403989815
3.624572366
3.860194636
4.110856625
4.376558334
4.657299762
4.958094149
5.278941495
5.624855041
5.985808305
6.371827769
6.787926671
7.224078532
7.690309833
8.191633811
8.718023989
9.284520085
9.886108859
10.52279031
11.20459092
11.92649745
12.69853638
13.5207077
14.39802467
15.32547403
16.31809551
17.3758891
18.49885481
19.69701912
20.97038203
22.32897001
23.77278307
25.31184768
26.94616385
28.6907713
30.54567002
32.5208865
34.62644721
36.86736539
39.25366753
41.79036686
44.49751635
47.37511598
50.43820549
53.70182459
57.18101301
60.88078397
64.8161772
69.0122589
73.47404231
78.23160687
83.28996581
88.67919858
94.41935814
100.5254842
107.0326694
113.9559536
121.3304293
129.1811628
137.5382335
146.4367342
155.9117574
166.0034091
176.7417687
188.1769686
200.3541281
213.3183662
227.1198153
241.8136211
257.4599425
274.1189383
291.8557807
310.7406549
330.8487597
352.2552936
375.0454817
399.3145755
425.1478001
452.66046
481.9478069
513.1301584
546.3328455
581.6811992
619.3206035
659.3914291
702.0540997
747.4790654
795.8468029
847.3377887
902.1675923
960.5417563
1022.69089
1088.860642
1159.316714
1234.329821
1314.195744
