0.07492331679
0.03967930708
0.02785301511
0.02188960461
0.01827662704
0.01584238016
0.01408414467
0.01275018916
0.01170040738
0.01085055473
0.0101468896
0.009553486707
0.009045400858
0.008604757259
0.00821840337
0.007876439689
0.00757126791
0.007296955509
0.006823025368
0.006616560293
0.006426882391
0.006251898703
0.005939280793
0.005667677665
0.005544650921
0.005320119588
0.005120055786
0.004940398113
0.004777958631
0.004630197427
0.004431696968
0.004256272228
0.00415007841
0.004004491256
0.003873021055
0.003716086274
0.003610019573
0.003481639152
0.003365938595
0.003236222504
0.003142532877
0.00303606087
0.002939681194
0.002835268986
0.002741218596
0.002655929964
0.002565813215
0.002484283861
0.002410064222
0.00233288399
0.002254347005
0.002183257537
0.002111668888
0.002046710944
0.001981773744
0.001917561589
0.001854618874
0.001797525356
0.001741608915
0.001687168306
0.001631283039
0.00158064853
0.001531903245
0.00148508971
0.001438078474
0.001393370945
0.001349109331
0.001307265707
0.001267682716
0.001227568397
0.001189891962
0.001153354809
0.001118059979
0.001084070952
0.001050600787
0.001018622842
0.0009874269983
0.0009571511505
0.0009278903036
0.0008997045251
0.0008726260063
0.0008462455776
0.0008206701076
0.000795626099
0.0007718818169
0.0007487933177
0.0007261837734
0.0007046510915
0.0006837273015
0.0006632902661
0.0006437950618
0.000624733111
0.0006063500436
0.0005886762856
0.0005714850359
0.0005549533186
0.0005388976876
0.0005233758035
0.0005083436894
0.0004939201828
0.000479910055
0.0004663666856
0.0004533255278
0.0004407069515
0.0004285484338
0.0004167904639
0.0004054678746
0.0003945342539
0.0003840193991
0.0003738576482
0.0003640807743
0.0003546630181
0.0003455863717
0.0003368571208
0.0003284616975
0.0003204054941
0.0003126497346
0.0003052182135
0.0002980920447
0.0002912580513
0.0002847072486
0.0002784497044
0.0002724764753
0.0002667679291
0.0002613344883
0.0002561560545
0.0002512428199
0.0002465798005
0.0002421645972
0.0002379986012
0.0002340705495
0.0002303834471
0.0002269296583
0.0002237082093
0.0002207164187
0.0002179508383
0.0002154091662
0.0002130887229
0.000210989622
0.0002091083512
0.0002074434974
0.0002059941088
0.0002047590035
0.0002037370244
0.0002029272055
0.0002023290114
0.0002019419733
0.0002017657715
0.0002018002782
0.0002020454899
0.0002025015567
0.0002031689855
0.0002040480137
0.0002051398253
0.0002064448102
0.0002079642198
0.0002096994425
0.0002116516329
0.0002138227628
0.0002162142028
0.0002188281199
0.0002216668946
0.0002247330736
0.0002280286763
0.0002315573968
0.0002353216727
0.0002393248862
0.0002435706703
0.0002480631692
0.0002528060185
0.0002578035666
