0.03472329038
0.03140413284
0.02715604447
0.02452919764
0.02216467365
0.01930038389
0.01619419715
0.01380780327
0.01209816657
0.01072337837
0.009725111195
0.009098370296
0.008727981989
0.008542319184
0.008444281406
0.00832660889
0.008075857937
0.007692274396
0.006857473748
0.006505017033
0.006239519588
0.006064578972
0.005898128898
0.005799103089
0.005695584456
0.005387482707
0.005088867617
0.004878197108
0.004748301679
0.004658945594
0.0044631258
0.004222576778
0.004101715463
0.00400867925
0.003875271838
0.003682552181
0.003596192031
0.003469298087
0.003337519006
0.003216998989
0.003111917127
0.003012320051
0.002912357087
0.00281215622
0.00271547453
0.002636904422
0.002552546566
0.002473241227
0.002406871072
0.002336307934
0.002268089716
0.002205444528
0.002141443159
0.002082977484
0.00202537231
0.001968796969
0.001911763437
0.001858392472
0.001805716125
0.001755819199
0.001704633092
0.001658451012
0.001614973084
0.001573539327
0.001533592598
0.001494701414
0.001456127049
0.001420949101
0.001388346791
0.001353170592
0.001317726859
0.0012832603
0.00124946529
0.001216329302
0.001183690801
0.00115254391
0.001122537559
0.001092296163
0.001062209755
0.00103350712
0.001006870678
0.0009809470411
0.0009547597449
0.0009285924674
0.0009040248424
0.0008790471563
0.0008533885864
0.0008269802699
0.000799417671
0.0007702641637
0.0007403548515
0.0007105100466
0.0006816126543
0.000653636722
0.0006264302877
0.0005993353774
0.0005733221087
0.0005479178227
0.000523749911
0.0005022211745
0.0004834096404
0.0004657500219
0.0004481390199
0.0004301802615
0.0004126040151
0.0003947112851
0.000378434752
0.0003601318271
0.0003406810459
0.0003233422907
0.0003091922631
0.0002961213478
0.0002823776981
0.0002684539553
0.0002571688472
0.0002470089697
0.0002383478209
0.000229083529
0.0002206680191
0.0002149376169
0.0002099964639
0.00020373595
0.0001976521341
0.0001936829973
0.0001901802969
0.0001863799922
0.0001842434602
0.0001849713327
0.0001869422906
0.000190219102
0.000193219659
0.0001951139837
0.000197744263
0.0002005238757
0.0002029853412
0.0002056120803
0.000207705599
0.0002106021775
0.0002130829018
0.0002153239802
0.0002177151034
0.0002206631508
0.000223798009
0.0002271003306
0.0002297875362
0.0002318041382
0.0002329896787
0.0002336273559
0.0002328354216
0.0002309175894
0.0002269267212
0.0002222125616
0.0002156637218
0.0002094514734
0.0002037826997
0.0001996243571
0.0001976634408
0.0001960655126
0.0001936466863
0.0001910791731
0.0001890190669
0.0001882316815
0.0001886742055
0.0001884316751
0.0001879063654
0.0001871858401
0.0001856609091
0.0001807142411
0.0001717572332
0.0001535264079
0.0001321052033
